month,year,churn %,# students,# mentors,# PAs,student / mentor
2018-03,2018,6.90,14.50,3.75,,3.87
2018-04,2018,3.70,27.00,3.8,1,7.11
2018-05,2018,2.94,48.33,4,3,12.08
2018-06,2018,2.86,64.67,4,4,16.17
2018-07,2018,3.33,71.67,4,14,17.92
2018-08,2018,0.00,72.67,4,9,18.17
2018-09,2018,3.51,67.00,4,15,16.75
2018-10,2018,2.78,67.67,3.8,7,17.81
2018-11,2018,4.35,70.33,4,8,17.58
2018-12,2018,11.39,81.33,4,8,20.33
2019-01,2019,15.94,88.00,4.5,29,19.56
2019-02,2019,7.79,94.33,5,29,18.87
2019-03,2019,15.49,93.67,5,68,18.73
2019-04,2019,10.39,91.67,4.8,51,19.10
2019-05,2019,8.24,87.67,4.5,51,19.48
2019-06,2019,8.33,82.00,3.75,31,21.87
2019-07,2019,11.67,73.33,3.666666667,28,20.00
